100
1464
171
201
293
321
444
726
1100
1117
1238
1272
1403
1534
1707
1716
1756
1913
1915
2006
2061
2434
2720
2738
2749
2991
3033
3042
3160
3240
3405
3422
3607
3670
3906
3945
4105
4138
4169
4176
4380
4518
4520
4711
4739
4791
4971
4983
5042
5123
5157
5259
5622
5627
5845
5853
5924
5942
6182
6343
6401
6525
6547
6656
6735
6874
7126
7139
7169
7399
7480
7562
7570
7592
7809
7858
152
223
224
303
316
379
437
474
547
696
767
997
1124
1345
1659
1726
1793
1909
1912
2072
2183
2214
2306
2327
2502
2521
2548
2559
2580
2581
2700
2869
2871
2992
3060
3094
3109
3133
3134
3154
3264
3269
3494
3519
3552
3570
3575
3792
3862
3930
4043
4142
4439
4472
4489
4614
4626
4673
4832
4887
4928
4979
5226
5316
5323
5511
5698
5900
5972
6033
6184
6189
6260
6407
6421
6462
6813
6862
7086
7158
7185
7241
7338
7359
7442
7458
7495
7604
7649
7676
7693
7716
7851
8043
8065
8114
8312
8594
8823
8933
8979
9036
9086
9146
9296
9313
9420
9480
9481
9705
9976
3
4
